%YAML:1.0
intrinsic_left: !!opencv-matrix
   rows: 3
   cols: 3
   dt: d
   data: [ 1.7085381220310096e+03, 0., 3.3562328766935696e+02, 0.,
       1.7091427984306367e+03, 2.1829750533687380e+02, 0., 0., 1. ]
distortion_left: !!opencv-matrix
   rows: 5
   cols: 1
   dt: d
   data: [ -4.9811267759994182e-01, -1.0474987680618664e+00,
       -5.8756775136550724e-04, 2.0244415739590653e-03,
       4.8321451266288893e+00 ]
intrinsic_right: !!opencv-matrix
   rows: 3
   cols: 3
   dt: d
   data: [ 1.7354151377321245e+03, 0., 3.3050947155332625e+02, 0.,
       1.7359807121635138e+03, 2.6042802746879516e+02, 0., 0., 1. ]
distortion_right: !!opencv-matrix
   rows: 5
   cols: 1
   dt: d
   data: [ -5.5924775845996100e-01, 2.0012992654339636e+00,
       -4.8267923499804195e-03, -2.2684911495523242e-03,
       -3.4620819415038198e+01 ]
fundamental: !!opencv-matrix
   rows: 3
   cols: 3
   dt: d
   data: [ -1.5878546902722767e-07, -1.1392853587861478e-05,
       9.5795547141891619e-04, 1.1388771979654093e-05,
       1.0555609425969267e-06, 7.3349702491272359e-02,
       -1.8712469993114017e-03, -7.5152757440449275e-02, 1. ]
translation: !!opencv-matrix
   rows: 3
   cols: 1
   dt: d
   data: [ -1.9086487606875391e+01, -5.1833962363441344e-01,
       4.7863633063668232e+00 ]
rotation: !!opencv-matrix
   rows: 3
   cols: 3
   dt: d
   data: [ 9.9990313442866796e-01, -1.3917387439404407e-02,
       -1.6759053242205025e-04, 1.3907901099559103e-02,
       9.9954422812186328e-01, -2.6793773815448386e-02,
       5.4041348052371999e-04, 2.6788847588689466e-02,
       9.9964096834720617e-01 ]
essential: !!opencv-matrix
   rows: 3
   cols: 3
   dt: d
   data: [ -6.6848385211610115e-02, -4.7980675377499571e+00,
       -3.8990878747327706e-01, 4.7962142677491535e+00,
       4.4469133494353941e-01, 1.9078832804508984e+01,
       2.5283643239624259e-01, -1.9085002455939087e+01,
       5.1131216305647764e-01 ]
rmat_left: !!opencv-matrix
   rows: 3
   cols: 3
   dt: d
   data: [ 9.6977052691716292e-01, 6.3120421929192842e-03,
       -2.4393704771141869e-01, -9.3693624331599862e-03,
       9.9989140674040311e-01, -1.1374962606267133e-02,
       2.4383875854835757e-01, 1.3316638091226024e-02,
       9.6972435618558284e-01 ]
rmat_right: !!opencv-matrix
   rows: 3
   cols: 3
   dt: d
   data: [ 9.6962962394398289e-01, 2.6332632000811609e-02,
       -2.4315629718796120e-01, -2.3282424633411489e-02,
       9.9961015436516554e-01, 1.5409996536001697e-02,
       2.4346728953483623e-01, -9.2807209827632936e-03,
       9.6986470558764037e-01 ]
pmat_left: !!opencv-matrix
   rows: 3
   cols: 4
   dt: d
   data: [ 1.6625123890294033e+03, 0., 7.6873009204864502e+02, 0., 0.,
       1.6625123890294033e+03, 2.3484960556030273e+02, 0., 0., 0., 1.,
       0. ]
pmat_right: !!opencv-matrix
   rows: 3
   cols: 4
   dt: d
   data: [ 1.6625123890294033e+03, 0., 7.6873009204864502e+02,
       -3.2725404964854595e+04, 0., 1.6625123890294033e+03,
       2.3484960556030273e+02, 0., 0., 0., 1., 0. ]
q: !!opencv-matrix
   rows: 4
   cols: 4
   dt: d
   data: [ 1., 0., 0., -7.6873009204864502e+02, 0., 1., 0.,
       -2.3484960556030273e+02, 0., 0., 0., 1.6625123890294033e+03, 0.,
       0., 5.0801888954922214e-02, 0. ]
